76800 131072
462765 697
463462 73
463535 42
463577 62
463639 1
463640 3284
466924 1
466925 31
466956 333
467289 160
467449 73
467522 372
468680 1
468782 1
468853 1
468886 1
471147 1
471620 1
471632 1605
473293 1564
474857 1
485582 4095
489677 131072
637133 64
64573343886 2
64573347198 2
64573359632 2
64573363017 2
64573363033 3
64573383084 2
64573384866 2
64573390154 2
64573395150 2
64573396900 2
64573401184 2
64573407368 2
64573408730 2
64573414830 2
64573678398 2
64573680497 6
64573682980 1
64573683578 3
64573694055 1
64573709114 1
64573709494 6
64573710315 3
64573710721 8
64573738258 2
64573740735 340
64573744448 8
64573744458 263
64573746114 8
64573746124 252
64573748999 252
64573749775 251
64573751206 251
64573751460 251
64573751714 251
64573752286 263
64573752552 263
64573752818 263
64573753084 263
64573753350 251
64573753604 251
64573770208 32
64573772309 8
64573772568 232
64573773495 232
64573774203 8
64573798075 1
64573798387 16
64573798455 8
64573799293 1
64573800870 1
64573800960 4096
64573805056 512
64573805568 2048
64573807616 512
64573808128 2048
64573810364 1
64573810429 256
64573810685 2049
64573812734 2049
64573814783 1025
64573815808 4096
64573820026 256
64573820282 256
64573820538 256
64573838356 4
64573839804 6
64573849104 64
64573914633 128
64573980171 64
64574045705 64
64574111235 64
64574176776 64
64574242310 64
64574307842 64
64574373390 64
64574438914 64
64574504460 64
64574569990 128
64574635525 64
64574701058 64
64574766604 64
64574832129 64
64574897677 64
64574963211 64
64574963275 64
64575028750 64
64575094282 64
64575159819 64
64575225347 64
64575290892 64
64575356428 256
64575421955 64
64575487490 128
64575553029 64
64575618574 64
64575684104 128
64575749634 64
64575815180 64
64575880708 64
64575946247 64
64576536254 1
64576536374 2
64576537080 2
64576549492 6
64576550251 1
64576551209 1106
64576552316 8
64576566263 8
64576571377 1
64576574001 64
64576574790 1
64576586198 8
64576586312 545
64576586862 32
64576598843 1
64576599479 1
64576601605 89
64576601760 1
64576616472 100
64576616638 1
64576617335 32
64576617473 45
64576621570 32
64576622306 1
64576622455 29
64576622587 32
64576623007 3
64576623036 32
64576623933 1
64576624258 32
64576624540 100
64576634371 32
64576634435 32
64576634879 8
64576635130 8
64576635197 8
64576635359 8
64576635367 32
64576635438 32
64576635526 8
64576635585 8
64576635701 23
64576635995 8
64576636003 32
64576637209 1
64576637383 8
64576641662 8
64576642428 8
64576644304 3
64576644325 32
64576644407 17
64576644477 32
64576644937 32
64576645172 1
64576645177 8
64576645558 1
64576645560 72
64576646657 72
64576646781 24
64576646891 24
64576646967 16
64576647068 40
64576647158 12
64576647222 32
64576647290 12
64576647353 12
64576647399 40
64576647490 16
64576647542 16
64576647608 8
64576647667 24
64576647973 36
64576648093 36
64576648179 28
64576648259 8
64576648318 12
64576648428 32
64576648510 1
64576648511 1
64576648513 8
64576648618 1
64576648619 1
64576648620 28
64576648697 20
64576648767 20
64576648986 3
64576648990 60
64576649674 2
64576649676 52
64576654892 8
64576654903 80
64576655017 52
64576655103 12
64576655200 36
64576655285 16
64576655336 24
64576671235 72
64576671342 52
64576671531 44
64576671743 28
64576671804 16
64576671885 1
64576671889 56
64576672059 12
64576672120 68
64576672305 1
64576672307 16
64576672356 28
64576672768 12
64576672851 52
64576673268 12
64576680963 68
64576681081 60
64576681342 68
64576681460 12
64576684035 100
64576684338 1
64576684340 2
64576684342 12
64576684436 1
64576684437 52
64576684542 20
64576684665 12
64576684745 92
64576684837 64
64576684902 4
64576684906 1
64576684908 20
64576684928 64
64576685041 9
64576685053 44
64576685097 1
64576685100 16
64576685116 32
64576685148 1
64576685152 16
64576685365 1
64576685369 65
64576685435 2
64576685437 4
64576685441 32
64576685556 16
64576685624 4
64576685681 1
64576685685 12
64576685863 12
64576685895 1
64576685898 12
64576686004 2
64576686023 1
64576686084 1
64576686085 4
64576686260 16
64576686319 1
64576686320 8
64576686629 1
64576686631 2
64576686633 8
64576686771 257
64576687028 1
64576687042 17
64576688186 2
64576691733 1
64576691734 1
64576691795 4
64576691799 1
64576691801 1
64576691806 3
64576691812 2
64576691814 2
64576691816 1
64576691818 3
64576691822 4
64576691827 13
64576691872 1
64576692291 1
64576692293 8
64576692546 3
64576692550 8
64576692567 2
64576692570 2
64576692572 1
64576692573 1
64576692574 1
64576692575 1
64576692584 10
64576692595 2
68719469470 2047
