76800 131072
462765 697
463462 73
463535 42
463577 62
463639 1
463640 3284
466924 1
466925 31
466956 333
467289 160
467449 73
467522 372
468680 1
468782 1
468853 1
468886 1
471147 1
471620 1
471632 1605
473293 1564
474857 1
474858 5
485582 4095
489677 131072
637133 64
64571310080 1408
64571311616 128
64571311872 512
64571312896 256
64573059904 1721
64573062654 1025
64573065619 1724
64573067345 430
64573075114 2
64573080827 260
64573086557 1025
64573089840 18383
64573110230 2
64573116354 2
64573117584 2
64573121976 2
64573124613 252
64573124867 252
64573125484 2
64573129628 2
64573133317 252
64573133571 252
64573134852 2
64573138560 2
64573142019 252
64573142273 252
64573142527 252
64573142781 252
64573143035 1025
64573144062 1025
64573145176 2
64573149265 251
64573149518 513
64573150033 901
64573151837 901
64573153641 901
64573155445 833
64573157113 833
64573158781 833
64573179548 2
64573183224 263
64573192118 2
64573193078 2
64573196293 252
64573196547 252
64573197228 2
64573204288 2
64573205704 2
64573209093 252
64573209347 252
64573211568 2
64573216266 2
64573218492 2
64573221893 252
64573222147 252
64573223032 2
64573227572 2
64573235463 58
64573242930 2
64573248120 2
64573251998 2
64573264250 2
64573267709 252
64573267963 516
64573271814 2
64573272585 252
64573272839 252
64573273093 252
64573275894 2
64573277749 107
64573277858 81
64573277941 260
64573278204 515
64573282821 252
64573285738 12
64573293858 2
64573298388 2
64573299960 263
64573308280 2
64573312018 2
64573314568 2
64573320834 2
64573326430 2
64573333488 2
64573334069 1724
64573338084 2
64573343806 2
64573348286 2
64573353306 2
64573364486 2
64573367356 2
64573367372 3
64573380702 2
64573386132 2
64573387570 2
64573393154 2
64573395482 2
64573401566 2
64573403672 2
64573407788 2
64573412590 2
64573678107 92
64573678398 2
64573680497 6
64573680510 129
64573682980 1
64573683578 3
64573688838 81
64573688938 65
64573694055 1
64573694097 67
64573708923 8
64573709114 1
64573709118 8
64573709127 8
64573709272 8
64573709281 8
64573709290 8
64573709299 8
64573709308 8
64573709494 6
64573709504 32
64573710315 3
64573710321 32
64573710721 8
64573710734 8
64573724681 16
64573724799 16
64573731915 263
64573732181 263
64573732447 263
64573732979 263
64573733245 263
64573733944 96
64573734043 263
64573734309 263
64573738796 2
64573740043 64
64573740208 32
64573740241 8
64573740259 8
64573740268 8
64573740277 8
64573740359 8
64573740367 1
64573740369 8
64573740396 8
64573740436 32
64573740470 263
64573740773 47
64573740822 29
64573740853 82
64573740937 46
64573740985 52
64573741039 36
64573742644 8
64573742721 21
64573742747 25
64573742779 8
64573742788 8
64573742797 8
64573742806 8
64573742815 8
64573742824 8
64573742833 8
64573742874 252
64573743129 515
64573743912 20
64573743945 23
64573743974 1
64573743977 8
64573743986 8
64573744024 8
64573744053 16
64573744070 8
64573744079 8
64573744088 8
64573744114 8
64573744123 8
64573744132 8
64573744163 260
64573744424 1
64573744427 32
64573744460 8
64573744470 251
64573746114 8
64573746124 252
64573748995 252
64573749795 251
64573751206 251
64573751460 251
64573751714 251
64573752286 263
64573752552 263
64573752818 263
64573753084 263
64573753350 251
64573753604 251
64573753907 29
64573753938 105
64573754045 260
64573754887 204
64573755093 204
64573755299 88
64573755389 252
64573755645 17
64573755664 70
64573755736 45
64573755783 40
64573755825 23
64573755850 21
64573755873 27
64573755902 1025
64573760140 2
64573762128 2
64573765126 251
64573765380 251
64573767170 2
64573769729 18
64573769848 263
64573770112 128
64573772309 8
64573772568 232
64573773495 232
64573774203 8
64573798075 1
64573798387 16
64573798455 8
64573799293 1
64573800870 1
64573800960 4096
64573805056 512
64573805568 2048
64573807616 512
64573808128 2048
64573810364 1
64573810429 256
64573810685 2049
64573812734 2049
64573814783 1025
64573815808 4096
64573820026 256
64573820282 256
64573820538 256
64573838356 4
64573839804 6
64573849104 64
64573914633 128
64573914761 128
64573980171 64
64573980235 128
64574045705 64
64574111235 64
64574111299 448
64574176776 64
64574176840 320
64574242310 64
64574242374 64
64574307842 64
64574373390 64
64574373454 64
64574438914 64
64574438978 64
64574504460 64
64574504524 64
64574569990 128
64574570118 64
64574635525 64
64574635589 64
64574701058 64
64574701122 128
64574766604 64
64574766668 64
64574832129 64
64574832193 128
64574897677 64
64574897741 128
64574963211 64
64574963275 128
64575028750 64
64575028814 320
64575094282 64
64575094346 64
64575159819 64
64575159883 64
64575225347 64
64575225411 128
64575290892 64
64575290956 128
64575356428 256
64575356684 128
64575421955 64
64575422019 64
64575487490 128
64575553029 64
64575553093 384
64575618574 64
64575618638 64
64575684104 128
64575749634 64
64575749698 192
64575815180 64
64575880708 64
64575880772 64
64575946247 64
64575946311 192
64576536254 1
64576536374 2
64576537080 2
64576549492 6
64576550251 1
64576551209 1106
64576552316 8
64576566263 8
64576571377 1
64576573967 8
64576573977 8
64576574001 64
64576574790 1
64576586198 8
64576586312 545
64576586862 32
64576598843 1
64576599479 1
64576601605 89
64576601760 1
64576616472 100
64576616638 1
64576617335 32
64576617473 45
64576621570 32
64576622306 1
64576622455 29
64576622587 32
64576623007 3
64576623020 16
64576623036 32
64576623750 16
64576623933 1
64576624258 32
64576624540 100
64576634371 32
64576634435 32
64576634555 16
64576634879 8
64576635130 8
64576635197 8
64576635359 8
64576635367 32
64576635438 32
64576635526 8
64576635585 8
64576635701 23
64576635995 8
64576636003 32
64576637209 1
64576637383 8
64576641662 8
64576641796 8
64576641976 8
64576642428 8
64576644304 3
64576644325 32
64576644407 17
64576644477 32
64576644854 8
64576644863 8
64576644929 8
64576644937 32
64576645172 1
64576645177 8
64576645558 1
64576645560 72
64576646657 72
64576646781 24
64576646891 24
64576646967 16
64576647068 40
64576647158 12
64576647222 32
64576647290 12
64576647353 12
64576647399 40
64576647490 16
64576647542 16
64576647608 8
64576647667 24
64576647973 36
64576648093 36
64576648179 28
64576648259 8
64576648318 12
64576648428 32
64576648510 1
64576648511 1
64576648513 8
64576648618 1
64576648619 1
64576648620 28
64576648697 20
64576648767 20
64576648986 3
64576648990 60
64576649674 2
64576649676 52
64576654892 8
64576654903 80
64576655017 52
64576655103 12
64576655200 36
64576655285 16
64576655336 24
64576671235 72
64576671342 52
64576671531 44
64576671743 28
64576671804 16
64576671885 1
64576671889 56
64576672059 12
64576672120 68
64576672305 1
64576672307 16
64576672356 28
64576672768 12
64576672851 52
64576673268 12
64576680963 68
64576681081 60
64576681342 68
64576681460 12
64576684035 100
64576684338 1
64576684340 2
64576684342 12
64576684436 1
64576684437 52
64576684542 20
64576684665 12
64576684745 92
64576684837 64
64576684902 4
64576684906 1
64576684908 20
64576684928 64
64576685041 9
64576685053 44
64576685097 1
64576685100 16
64576685116 32
64576685148 1
64576685152 16
64576685365 1
64576685369 65
64576685435 2
64576685437 4
64576685441 32
64576685556 16
64576685624 4
64576685681 1
64576685685 12
64576685863 12
64576685895 1
64576685898 12
64576686004 2
64576686023 1
64576686084 1
64576686085 4
64576686260 16
64576686319 1
64576686320 8
64576686629 1
64576686631 2
64576686633 8
64576686771 257
64576687028 1
64576688186 2
64576691733 1
64576691734 1
64576691795 4
64576691799 1
64576691801 1
64576691806 3
64576691812 2
64576691814 2
64576691816 1
64576691818 3
64576691822 4
64576691827 13
64576691872 1
64576692291 1
64576692293 8
64576692546 3
64576692550 8
64576692567 2
64576692570 2
64576692572 1
64576692573 1
64576692574 1
64576692575 1
64576692584 10
64576692595 2
68719469470 2047
